0
900
1800
2700
3600
4500
5400
6300
7200
8100
9000
9900
10800
11700
12600
13500
14400
15300
16200
17100
18000
18900
19800
20700
21600
22500
23400
24300
25200
26100
27000
27900
28800
29700
30600
31500
32400
33300
34200
35100
36000
36900
37800
38700
39600
40500
41400
42300
43200
44100
45000
45900
46800
47700
48600
49500
50400
51300
52200
53100
54000
54900
55800
56700
57600
58500
59400
60300
61200
62100
63000
63900
64800
65700
66600
67500
68400
69300
70200
71100
72000
72900
73800
74700
75600
76500
77400
78300
79200
80100
81000
81900
82800
83700
84600
85500
